# Calculations based on type 1 and type 2 Jupiter. Has 2048 layers, 20 models, maximum mass of 100 
#  Type                 , Mcore[m_earth]       , J2                 , J4                   , dref
1.000000000000000000e+00 1.000000000000000000e+00 1.469987871692618291e-02 -5.818068494868150172e-04 3.293982854154597732e-03
1.000000000000000000e+00 6.210526315789473450e+00 1.470222281796658252e-02 -5.819115781547470109e-04 2.673759120541834358e-02
1.000000000000000000e+00 1.142105263157894690e+01 1.470278228055756434e-02 -5.819133111827725670e-04 3.233176808557548104e-02
1.000000000000000000e+00 1.663157894736842124e+01 1.470086357983705662e-02 -5.817720455487301922e-04 1.314235219796894109e-02
1.000000000000000000e+00 2.184210526315789380e+01 1.470503409561531825e-02 -5.819123168179528077e-04 5.484884178574567920e-02
1.000000000000000000e+00 2.705263157894736636e+01 1.471373179676479202e-02 -5.822610141881778010e-04 1.418330137558838633e-01
1.000000000000000000e+00 3.226315789473684248e+01 1.471236507869450559e-02 -5.820769096642829750e-04 1.281607253090615850e-01
1.000000000000000000e+00 3.747368421052631504e+01 1.472116683786546011e-02 -5.823862561620605886e-04 2.161838783390928331e-01
1.000000000000000000e+00 4.268421052631578760e+01 1.473013555859981581e-02 -5.826810210680390643e-04 3.058763672490249497e-01
1.000000000000000000e+00 4.789473684210526017e+01 1.474539902966969310e-02 -5.832788870488563602e-04 4.585235132555242066e-01
1.000000000000000000e+00 5.310526315789473273e+01 1.476114946510440583e-02 -5.838798317976193197e-04 6.160403931215010509e-01
1.000000000000000000e+00 5.831578947368420529e+01 1.477226275120069841e-02 -5.842109146926237730e-04 7.271786451143419372e-01
1.000000000000000000e+00 6.352631578947368496e+01 1.479077659810150609e-02 -5.849066359712523861e-04 9.123314864620214459e-01
1.000000000000000000e+00 6.873684210526315042e+01 1.479716054891865896e-02 -5.849250980090533753e-04 9.761677858288226872e-01
1.000000000000000000e+00 7.394736842105263008e+01 1.482248516547673631e-02 -5.859291490613974555e-04 1.229435430782708893e+00
1.000000000000000000e+00 7.915789473684209554e+01 1.484815305522817902e-02 -5.869262373119019929e-04 1.486135528308140774e+00
1.000000000000000000e+00 8.436842105263157521e+01 1.487229650241930767e-02 -5.878123891538687999e-04 1.727588015739756289e+00
1.000000000000000000e+00 8.957894736842105488e+01 1.489328439422419291e-02 -5.884941769226822951e-04 1.937479179305080956e+00
1.000000000000000000e+00 9.478947368421052033e+01 1.492800854089889120e-02 -5.899022268942317061e-04 2.284751785349301123e+00
1.000000000000000000e+00 1.000000000000000000e+02 1.495730903363108079e-02 -5.909805970856014034e-04 2.577778736414821026e+00
2.000000000000000000e+00 1.000000000000000000e+00 1.469988489153882180e-02 -5.818072932624373866e-04 3.355744713654237616e-03
2.000000000000000000e+00 6.210526315789473450e+00 1.470183930127171544e-02 -5.819027185596026882e-04 2.290243021801073933e-02
2.000000000000000000e+00 1.142105263157894690e+01 1.470122967621773948e-02 -5.818727361114119393e-04 1.680536061888929580e-02
2.000000000000000000e+00 1.663157894736842124e+01 1.469731140511999941e-02 -5.816748566499691832e-04 2.238290806308319836e-02
2.000000000000000000e+00 2.184210526315789380e+01 1.469843024101218955e-02 -5.817262050158660122e-04 1.119328592804360277e-02
2.000000000000000000e+00 2.705263157894736636e+01 1.470290112290366900e-02 -5.819486138616364280e-04 3.352173642719118163e-02
2.000000000000000000e+00 3.226315789473684248e+01 1.469648006582085706e-02 -5.816101463715132001e-04 3.069887377531739167e-02
2.000000000000000000e+00 3.747368421052631504e+01 1.469871832330419195e-02 -5.817149577534835034e-04 8.314250235184287435e-03
2.000000000000000000e+00 4.268421052631578760e+01 1.469983169716109969e-02 -5.817599979807112518e-04 2.825282637493885078e-03
2.000000000000000000e+00 4.789473684210526017e+01 1.470555563073580596e-02 -5.820487631641791445e-04 6.006884349069532142e-02
2.000000000000000000e+00 5.310526315789473273e+01 1.471024973172459401e-02 -5.822846760323042168e-04 1.070163602799357322e-01
2.000000000000000000e+00 5.831578947368420529e+01 1.470908195271844465e-02 -5.822031832989236697e-04 9.533581886790619409e-02
2.000000000000000000e+00 6.352631578947368496e+01 1.471320609275153860e-02 -5.824066565025756573e-04 1.365827361217187841e-01
2.000000000000000000e+00 6.873684210526315042e+01 1.470457184767607825e-02 -5.819034772803485323e-04 5.022627094839689221e-02
2.000000000000000000e+00 7.394736842105263008e+01 1.471151448074426403e-02 -5.822568918076228292e-04 1.196612767774795777e-01
2.000000000000000000e+00 7.915789473684209554e+01 1.471684550330124540e-02 -5.825215107153520772e-04 1.729785639522539442e-01
2.000000000000000000e+00 8.436842105263157521e+01 1.471886954347280917e-02 -5.825975755805020079e-04 1.932205319899719109e-01
2.000000000000000000e+00 8.957894736842105488e+01 1.471619171513190161e-02 -5.823988192427205675e-04 1.664358757418370471e-01
2.000000000000000000e+00 9.478947368421052033e+01 1.472335880886735220e-02 -5.827624445296391339e-04 2.381164987497782215e-01
2.000000000000000000e+00 1.000000000000000000e+02 1.472368703175101594e-02 -5.827251275816185301e-04 2.413967920714774340e-01
