 # Jupiter model, Ptrans=2 Mbar, diluted core
 # m/Mp         P (GPa)    r/Rmean   T(K)   rho(g/ccm)
 1.0000000000   0.000100   1.00000   170.0  0.0001635 
 0.9999999806   0.000115   0.99995   177.3  0.0001798 
 0.9999999593   0.000131   0.99990   184.6  0.0001969 
 0.9999999361   0.000148   0.99985   191.9  0.0002148 
 0.9999999108   0.000167   0.99980   199.0  0.0002339 
 0.9999998832   0.000188   0.99975   206.1  0.0002538 
 0.9999997086   0.000320   0.99950   241.1  0.0003690 
 0.9999994621   0.000507   0.99925   276.6  0.0005087 
 0.9999991300   0.000759   0.99900   312.1  0.0006740 
 0.9999986965   0.001088   0.99875   346.8  0.0008685 
 0.9999981459   0.001507   0.99850   381.8  0.0010906 
 0.9999974627   0.002026   0.99825   417.1  0.0013401 
 0.9999966318   0.002659   0.99800   452.7  0.0016172 
 0.9999956374   0.003417   0.99775   488.2  0.0019230 
 0.9999944629   0.004314   0.99750   523.3  0.0022595 
 0.9999930919   0.005361   0.99725   558.3  0.0026244 
 0.9999915081   0.006572   0.99700   593.2  0.0030195 
 0.9999896951   0.007960   0.99675   628.1  0.0034437 
 0.9999876368   0.009537   0.99650   663.1  0.0038967 
 0.9999853169   0.011317   0.99625   697.7  0.0043808 
 0.9999827181   0.013313   0.99600   732.0  0.0048955 
 0.9999798242   0.015538   0.99575   766.4  0.0054381 
 0.9999766195   0.018004   0.99550   800.4  0.0060112 
 0.9999730876   0.020725   0.99525   834.3  0.0066127 
 0.9999692136   0.023712   0.99500   868.2  0.0072407 
 0.9999649828   0.026979   0.99475   902.1  0.0078954 
 0.9999603805   0.030535   0.99450   935.8  0.0085769 
 0.9999553918   0.034394   0.99425   969.0  0.0092903 
 0.9999499983   0.038571   0.99400  1001.5  0.0100338 
 0.9999441837   0.043079   0.99375  1033.4  0.0108096 
 0.9999379324   0.047930   0.99350  1064.6  0.0116070 
 0.9999312334   0.053134   0.99325  1095.5  0.0124287 
 0.9999240743   0.058702   0.99300  1126.1  0.0132707 
 0.9999164425   0.064643   0.99275  1156.7  0.0141387 
 0.9999083242   0.070970   0.99250  1187.2  0.0150329 
 0.9998997051   0.077693   0.99225  1217.6  0.0159528 
 0.9998905719   0.084826   0.99200  1248.0  0.0168980 
 0.9998809108   0.092378   0.99175  1278.4  0.0178682 
 0.9998707088   0.100362   0.99150  1308.7  0.0188636 
 0.9998599520   0.108789   0.99125  1338.9  0.0198841 
 0.9998486278   0.117669   0.99100  1368.9  0.0209281 
 0.9998367233   0.127014   0.99075  1398.9  0.0219975 
 0.9998242327   0.136830   0.99050  1428.3  0.0230642 
 0.9998111502   0.147121   0.99025  1457.5  0.0241553 
 0.9997974657   0.157897   0.99000  1486.2  0.0252563 
 0.9997831776   0.169161   0.98975  1514.6  0.0263662 
 0.9997682772   0.180919   0.98950  1542.8  0.0274956 
 0.9997527548   0.193181   0.98925  1571.0  0.0286425 
 0.9997366012   0.205954   0.98900  1599.2  0.0298076 
 0.9997198071   0.219248   0.98875  1627.3  0.0309910 
 0.9997023653   0.233069   0.98850  1655.2  0.0321837 
 0.9996842694   0.247424   0.98825  1683.0  0.0333933 
 0.9996655106   0.262319   0.98800  1710.7  0.0346205 
 0.9996460860   0.277760   0.98775  1737.5  0.0358371 
 0.9996260001   0.293742   0.98750  1764.0  0.0370614 
 0.9996052461   0.310273   0.98725  1790.5  0.0382996 
 0.9995838176   0.327360   0.98700  1817.0  0.0395483 
 0.9995617114   0.345005   0.98675  1843.3  0.0408045 
 0.9995389217   0.363214   0.98650  1869.4  0.0420740 
 0.9995154422   0.381994   0.98625  1895.4  0.0433565 
 0.9994912685   0.401349   0.98600  1921.1  0.0446389 
 0.9994664037   0.421279   0.98575  1946.6  0.0459234 
 0.9994408435   0.441786   0.98550  1971.9  0.0472192 
 0.9994145822   0.462879   0.98525  1997.0  0.0485279 
 0.9993876081   0.484566   0.98500  2020.7  0.0498598 
 0.9992725365   0.577325   0.98400  2112.7  0.0552392 
 0.9991458680   0.679854   0.98300  2201.4  0.0606791 
 0.9990075043   0.792310   0.98200  2288.1  0.0661796 
 0.9988573698   0.914836   0.98100  2372.2  0.0717356 
 0.9986954683   1.047507   0.98000  2453.4  0.0773180 
 0.9985217801   1.190419   0.97900  2532.1  0.0828985 
 0.9983363210   1.343641   0.97800  2609.5  0.0885138 
 0.9981392146   1.507149   0.97700  2683.2  0.0940553 
 0.9979305263   1.680969   0.97600  2754.8  0.0996146 
 0.9977103880   1.865071   0.97500  2823.6  0.1051221 
 0.9974788276   2.059510   0.97400  2890.7  0.1106653 
 0.9972360404   2.264201   0.97300  2945.7  0.1160591 
 0.9969822096   2.479066   0.97200  2999.2  0.1214658 
 0.9967174080   2.704121   0.97100  3047.5  0.1267992 
 0.9964418968   2.939220   0.97000  3091.8  0.1320746 
 0.9961557464   3.184377   0.96900  3135.0  0.1373508 
 0.9958590346   3.439600   0.96800  3179.6  0.1425959 
 0.9955518176   3.704917   0.96700  3223.6  0.1478618 
 0.9952341178   3.980382   0.96600  3266.7  0.1531286 
 0.9949059832   4.266028   0.96500  3310.1  0.1583877 
 0.9945674848   4.561868   0.96400  3353.9  0.1636386 
 0.9942186712   4.867933   0.96300  3396.9  0.1688900 
 0.9938595863   5.184259   0.96200  3439.1  0.1741422 
 0.9934902468   5.510905   0.96100  3483.3  0.1794239 
 0.9931106529   5.847946   0.96000  3527.2  0.1847124 
 0.9927208356   6.195429   0.95900  3571.3  0.1900175 
 0.9923207913   6.553431   0.95800  3615.6  0.1953397 
 0.9919105138   6.922033   0.95700  3661.4  0.2007068 
 0.9914899764   7.301333   0.95600  3707.0  0.2060874 
 0.9910592084   7.691382   0.95500  3751.9  0.2114755 
 0.9906182401   8.092226   0.95400  3796.3  0.2168711 
 0.9901670778   8.503936   0.95300  3836.6  0.2223297 
 0.9897055467   8.926748   0.95200  3871.4  0.2278769 
 0.9892336202   9.360763   0.95100  3905.7  0.2334381 
 0.9887513164   9.806041   0.95000  3939.6  0.2390133 
 0.9882586536  10.262644   0.94900  3973.1  0.2446024 
 0.9877555704  10.730706   0.94800  3995.1  0.2503155 
 0.9872418604  11.210499   0.94700  4010.1  0.2560931 
 0.9867175158  11.702109   0.94600  4024.9  0.2618916 
 0.9861825429  12.205611   0.94500  4039.4  0.2677108 
 0.9856369486  12.721079   0.94400  4053.8  0.2735505 
 0.9850807350  13.248590   0.94300  4067.9  0.2794233 
 0.9845138638  13.788263   0.94200  4081.9  0.2853351 
 0.9839363307  14.340182   0.94100  4095.7  0.2912683 
 0.9833481422  14.904423   0.94000  4109.2  0.2972227 
 0.9827493053  15.481059   0.93900  4122.6  0.3031981 
 0.9821398277  16.070166   0.93800  4135.9  0.3091944 
 0.9815196685  16.671864   0.93700  4149.3  0.3152785 
 0.9808887089  17.286353   0.93600  4162.7  0.3214099 
 0.9802469455  17.913717   0.93500  4176.0  0.3275655 
 0.9795943812  18.554038   0.93400  4189.1  0.3337451 
 0.9789310195  19.207395   0.93300  4202.0  0.3399485 
 0.9782568646  19.873869   0.93200  4214.8  0.3461755 
 0.9775718609  20.553599   0.93100  4224.0  0.3525289 
 0.9768757607  21.246915   0.93000  4230.8  0.3589798 
 0.9761685313  21.953936   0.92900  4237.5  0.3654606 
 0.9754501671  22.674755   0.92800  4244.1  0.3719712 
 0.9747206634  23.409462   0.92700  4250.7  0.3785114 
 0.9739800159  24.158150   0.92600  4257.1  0.3850809 
 0.9732282209  24.920909   0.92500  4263.5  0.3916828 
 0.9724652265  25.697880   0.92400  4269.8  0.3983559 
 0.9716909906  26.489193   0.92300  4276.0  0.4050597 
 0.9709055087  27.294940   0.92200  4282.1  0.4117937 
 0.9701087769  28.115215   0.92100  4288.2  0.4185580 
 0.9693007918  28.950109   0.92000  4294.2  0.4253523 
 0.9684815509  29.799713   0.91900  4300.1  0.4321764 
 0.9676510520  30.664119   0.91800  4306.0  0.4390283 
 0.9668094682  31.543235   0.91700  4315.8  0.4457309 
 0.9659569724  32.436967   0.91600  4325.5  0.4524567 
 0.9650935747  33.345391   0.91500  4335.0  0.4592055 
 0.9642192852  34.268584   0.91400  4344.5  0.4659772 
 0.9633341148  35.206621   0.91300  4354.0  0.4727716 
 0.9624380747  36.159577   0.91200  4363.3  0.4795886 
 0.9615311767  37.127527   0.91100  4372.6  0.4864281 
 0.9606134373  38.110540   0.91000  4382.2  0.4932468 
 0.9596853024  39.108224   0.90900  4395.8  0.4997418 
 0.9587470824  40.120327   0.90800  4409.2  0.5062475 
 0.9577988084  41.146899   0.90700  4422.5  0.5127640 
 0.9568405115  42.187988   0.90600  4435.7  0.5192912 
 0.9558722233  43.243642   0.90500  4448.8  0.5258289 
 0.9548939752  44.313909   0.90400  4461.8  0.5323772 
 0.9539058482  45.398781   0.90300  4476.9  0.5388492 
 0.9529080671  46.498092   0.90200  4493.2  0.5452749 
 0.9519006880  47.611861   0.90100  4509.4  0.5517073 
 0.9508841301  48.739702   0.90000  4529.2  0.5576601 
 0.9498590830  49.880924   0.89900  4549.4  0.5635285 
 0.9488256122  51.035529   0.89800  4569.5  0.5693914 
 0.9477837729  52.203526   0.89700  4589.4  0.5752488 
 0.9467336198  53.384926   0.89600  4609.3  0.5811009 
 0.9456752075  54.579740   0.89500  4629.0  0.5869477 
 0.9446085899  55.787980   0.89400  4648.5  0.5927894 
 0.9435338210  57.009654   0.89300  4668.0  0.5986259 
 0.9424509543  58.244775   0.89200  4687.3  0.6044575 
 0.9413600430  59.493353   0.89100  4706.5  0.6102842 
 0.9402611400  60.755397   0.89000  4725.5  0.6161060 
 0.9391543438  62.030867   0.88900  4746.3  0.6217650 
 0.9380403369  63.319041   0.88800  4770.9  0.6270833 
 0.9369193804  64.619685   0.88700  4795.2  0.6323892 
 0.9357915361  65.932790   0.88600  4819.5  0.6376829 
 0.9346568649  67.258350   0.88500  4843.6  0.6429645 
 0.9335154276  68.596359   0.88400  4867.6  0.6482343 
 0.9323672841  69.946809   0.88300  4891.5  0.6534924 
 0.9312124939  71.309693   0.88200  4915.2  0.6587389 
 0.9300511161  72.685006   0.88100  4938.8  0.6639741 
 0.9288832092  74.072741   0.88000  4962.3  0.6691981 
 0.9277088311  75.472893   0.87900  4985.7  0.6744111 
 0.9265280395  76.885454   0.87800  5008.9  0.6796132 
 0.9253413133  78.309912   0.87700  5045.7  0.6842476 
 0.9241493915  79.745437   0.87600  5084.3  0.6887832 
 0.9229523463  81.191997   0.87500  5122.7  0.6933014 
 0.9217502322  82.649581   0.87400  5160.4  0.6978219 
 0.9205430575  84.118232   0.87300  5197.2  0.7023479 
 0.9193308728  85.597944   0.87200  5233.8  0.7068577 
 0.9181137380  87.088698   0.87100  5270.3  0.7113515 
 0.9168917128  88.590474   0.87000  5306.8  0.7158296 
 0.9156648556  90.103255   0.86900  5343.1  0.7202922 
 0.9144332249  91.627022   0.86800  5379.3  0.7247394 
 0.9131968780  93.161757   0.86700  5415.4  0.7291717 
 0.9119558717  94.707443   0.86600  5451.5  0.7335891 
 0.9107102626  96.264062   0.86500  5487.4  0.7379918 
 0.9094601062  97.831599   0.86400  5523.2  0.7423802 
 0.9082054577  99.410035   0.86300  5559.0  0.7467543 
 0.9069463717  100.999355   0.86200  5594.6  0.7511143 
 0.9056829017  102.599543   0.86100  5630.5  0.7554640 
 0.9044150814  104.210609   0.86000  5667.8  0.7598146 
 0.9031429539  105.832550   0.85900  5705.0  0.7641520 
 0.9018665715  107.465351   0.85800  5742.1  0.7684761 
 0.9005859860  109.108997   0.85700  5779.2  0.7727873 
 0.8993012488  110.763474   0.85600  5816.2  0.7770857 
 0.8980124070  112.428772   0.85500  5852.3  0.7813966 
 0.8967193638  114.105069   0.85400  5884.7  0.7858075 
 0.8954220930  115.792450   0.85300  5917.1  0.7902072 
 0.8941206432  117.490905   0.85200  5949.4  0.7945958 
 0.8928150629  119.200422   0.85100  5981.6  0.7989735 
 0.8915054000  120.920991   0.85000  6013.7  0.8033404 
 0.8901917018  122.652601   0.84900  6045.7  0.8076966 
 0.8888740156  124.395242   0.84800  6077.7  0.8120422 
 0.8875523881  126.148903   0.84700  6109.6  0.8163774 
 0.8862268657  127.913574   0.84600  6141.4  0.8207023 
 0.8848974944  129.689246   0.84500  6173.1  0.8250170 
 0.8835643199  131.475908   0.84400  6204.7  0.8293216 
 0.8822273873  133.273551   0.84300  6236.3  0.8336163 
 0.8808867417  135.082165   0.84200  6267.8  0.8379011 
 0.8795424276  136.901741   0.84100  6299.2  0.8421761 
 0.8781944812  138.732280   0.84000  6331.7  0.8464568 
 0.8768429197  140.573810   0.83900  6364.7  0.8507358 
 0.8754877847  142.426324   0.83800  6397.6  0.8550055 
 0.8741291192  144.289814   0.83700  6430.5  0.8592661 
 0.8727669662  146.164272   0.83600  6463.3  0.8635176 
 0.8714013682  148.049688   0.83500  6496.0  0.8677601 
 0.8700323673  149.946056   0.83400  6528.7  0.8719937 
 0.8686600045  151.853368   0.83300  6560.9  0.8762332 
 0.8672841751  153.771819   0.83200  6588.8  0.8806097 
 0.8659048165  155.701550   0.83100  6616.7  0.8849789 
 0.8645219689  157.642555   0.83000  6644.6  0.8893408 
 0.8631356725  159.594827   0.82900  6672.4  0.8936955 
 0.8617459669  161.558364   0.82800  6700.1  0.8980430 
 0.8603528918  163.533160   0.82700  6727.7  0.9023834 
 0.8589564866  165.519209   0.82600  6755.3  0.9067167 
 0.8575567903  167.516507   0.82500  6782.8  0.9110431 
 0.8561538418  169.525050   0.82400  6810.3  0.9153626 
 0.8547476796  171.544832   0.82300  6837.7  0.9196753 
 0.8533383424  173.575849   0.82200  6865.0  0.9239811 
 0.8519258680  175.618097   0.82100  6892.3  0.9282803 
 0.8505102946  177.671570   0.82000  6919.5  0.9325727 
 0.8490916599  179.736265   0.81900  6946.6  0.9368586 
 0.8476700014  181.812176   0.81800  6973.7  0.9411379 
 0.8462453563  183.899299   0.81700  7000.7  0.9454107 
 0.8448177618  185.997630   0.81600  7027.7  0.9496771 
 0.8433872547  188.107164   0.81500  7054.6  0.9539371 
 0.8419538715  190.227898   0.81400  7081.6  0.9581927 
 0.8405176266  192.359859   0.81300  7110.0  0.9624662 
 0.8390785395  194.503070   0.81200  7138.4  0.9667337 
 0.8376366460  196.657525   0.81100  7166.8  0.9709952 
 0.8361919819  198.823221   0.81000  7195.1  0.9752507 
 0.8354203742  199.982854   0.80947  7210.2  0.9775179   
 0.8354081370  200.001263   0.80946  7210.4  1.0628615   
 0.8354081359  200.001263   0.80946  7210.4  1.0628615 
 0.8333065319  203.169398   0.80812  7250.5  1.0695730 
 0.8301424360  207.964139   0.80612  7309.5  1.0796561 
 0.8269640737  212.810658   0.80412  7363.5  1.0899658 
 0.8237714674  217.709341   0.80212  7417.2  1.1002473 
 0.8205649580  222.660083   0.80012  7470.7  1.1105008 
 0.8173448830  227.662778   0.79812  7523.9  1.1207268 
 0.8141115765  232.717321   0.79612  7576.8  1.1309255 
 0.8108653696  237.823604   0.79412  7629.5  1.1410973 
 0.8076065899  242.981518   0.79212  7682.0  1.1512426 
 0.8043355622  248.190955   0.79012  7734.2  1.1613616 
 0.8010526080  253.451802   0.78812  7786.2  1.1714546 
 0.7977580459  258.763949   0.78612  7838.0  1.1815219 
 0.7944521915  264.127282   0.78412  7889.5  1.1915638 
 0.7911353573  269.541688   0.78212  7940.8  1.2015805 
 0.7878083418  275.006249   0.78012  8005.5  1.2112499 
 0.7844713742  280.520973   0.77812  8064.0  1.2212063 
 0.7811243725  286.086377   0.77612  8122.4  1.2311383 
 0.7777676377  291.702344   0.77412  8180.6  1.2410460 
 0.7744014684  297.368754   0.77212  8238.5  1.2509298 
 0.7710261602  303.085486   0.77012  8296.3  1.2607898 
 0.7676420063  308.852418   0.76812  8353.9  1.2706263 
 0.7642492972  314.669428   0.76612  8411.4  1.2804395 
 0.7608483206  320.536392   0.76412  8468.6  1.2902295 
 0.7574393620  326.453185   0.76212  8525.7  1.2999966 
 0.7540227040  332.419681   0.76012  8582.5  1.3097409 
 0.7505986271  338.435753   0.75812  8639.2  1.3194627 
 0.7471674090  344.501271   0.75612  8695.7  1.3291621 
 0.7437293251  350.616108   0.75412  8752.1  1.3388393 
 0.7402846485  356.780131   0.75212  8808.3  1.3484945 
 0.7368336468  362.993216   0.75012  8863.8  1.3581547 
 0.7333761260  369.256066   0.74812  8915.0  1.3680813 
 0.7299120635  375.569078   0.74612  8972.9  1.3779570 
 0.7264417623  381.932054   0.74412  9030.7  1.3878146 
 0.7229654830  388.344870   0.74212  9088.3  1.3976543 
 0.7194834846  394.807397   0.74012  9145.8  1.4074760 
 0.7159960238  401.319507   0.73812  9203.1  1.4172800 
 0.7125033556  407.881069   0.73612  9260.3  1.4270661 
 0.7090057328  414.491951   0.73412  9317.3  1.4368346 
 0.7055034065  421.152019   0.73212  9374.2  1.4465855 
 0.7019966256  427.861137   0.73012  9431.0  1.4563189 
 0.6984856373  434.619169   0.72812  9487.6  1.4660348 
 0.6949706867  441.425977   0.72612  9544.1  1.4757333 
 0.6914520173  448.281419   0.72412  9600.5  1.4854144 
 0.6879298704  455.185356   0.72212  9656.7  1.4950783 
 0.6844044856  462.137643   0.72012  9712.8  1.5047250 
 0.6808761006  469.138136   0.71812  9768.7  1.5143545 
 0.6773449465  476.186699   0.71612  9823.7  1.5240046 
 0.6738107770  483.284149   0.71412  9872.2  1.5339492 
 0.6702735049  490.430986   0.71212  9920.6  1.5438807 
 0.6667333609  497.627070   0.71012  9968.8  1.5537990 
 0.6631905953  504.872215   0.70812  10017.8  1.5636508 
 0.6596456858  512.165763   0.70612  10068.1  1.5733900 
 0.6560989303  519.507415   0.70412  10118.4  1.5831144 
 0.6525505532  526.897019   0.70212  10168.5  1.5928240 
 0.6490007771  534.334420   0.70012  10218.5  1.6025187 
 0.6454498230  541.819462   0.69812  10268.3  1.6121985 
 0.6418979103  549.351988   0.69612  10318.0  1.6218635 
 0.6383452568  556.931839   0.69412  10367.6  1.6315136 
 0.6347920787  564.558853   0.69212  10417.0  1.6411489 
 0.6312385904  572.232867   0.69012  10466.3  1.6507693 
 0.6276850050  579.953718   0.68812  10515.5  1.6603749 
 0.6241315337  587.721239   0.68612  10564.6  1.6699657 
 0.6205783864  595.535262   0.68412  10613.5  1.6795416 
 0.6170257710  603.395619   0.68212  10662.3  1.6891027 
 0.6134738944  611.302140   0.68012  10710.9  1.6986489 
 0.6099229613  619.254651   0.67812  10759.5  1.7081803 
 0.6063729581  627.253469   0.67612  10804.9  1.7179203 
 0.6028238145  635.299035   0.67412  10850.0  1.7276617 
 0.5992757310  643.391180   0.67212  10895.0  1.7373905 
 0.5957289075  651.529729   0.67012  10939.8  1.7471066 
 0.5921835427  659.714506   0.66812  10984.5  1.7568102 
 0.5886398337  667.945331   0.66612  11029.1  1.7665009 
 0.5850979761  676.222027   0.66412  11073.6  1.7761790 
 0.5815581641  684.544410   0.66212  11118.0  1.7858442 
 0.5780205907  692.912297   0.66012  11162.2  1.7954966 
 0.5744854472  701.325503   0.65812  11206.4  1.8051361 
 0.5709529177  709.783855   0.65612  11253.4  1.8147715 
 0.5674231729  718.287207   0.65412  11301.7  1.8243981 
 0.5638963988  726.835372   0.65212  11350.0  1.8340117 
 0.5603727812  735.428158   0.65012  11398.1  1.8436125 
 0.5568525045  744.065371   0.64812  11446.1  1.8532002 
 0.5533357517  752.746817   0.64612  11493.9  1.8627749 
 0.5498227044  761.472297   0.64412  11541.7  1.8723365 
 0.5463135426  770.241615   0.64212  11589.4  1.8818851 
 0.5428084452  779.054569   0.64012  11636.9  1.8914204 
 0.5393075894  787.910958   0.63812  11684.4  1.9009426 
 0.5358111512  796.810579   0.63612  11731.7  1.9104515 
 0.5323192868  805.753275   0.63412  11778.4  1.9200175 
 0.5288318535  814.739652   0.63212  11823.9  1.9297485 
 0.5253489095  823.769800   0.63012  11869.3  1.9394682 
 0.5218706271  832.843511   0.62812  11914.5  1.9491766 
 0.5183971771  841.960577   0.62612  11959.7  1.9588736 
 0.5149287292  851.120785   0.62412  12004.7  1.9685591 
 0.5114654516  860.323922   0.62212  12049.7  1.9782331 
 0.5080075113  869.569774   0.62012  12094.5  1.9878954 
 0.5045550740  878.858125   0.61812  12139.3  1.9975459 
 0.5011083041  888.188756   0.61612  12183.9  2.0071847 
 0.4976673645  897.561447   0.61412  12228.4  2.0168116 
 0.4942324171  906.975977   0.61212  12272.8  2.0264266 
 0.4908036222  916.432122   0.61012  12317.1  2.0360295 
 0.4873811390  925.929659   0.60812  12361.3  2.0456204 
 0.4839651252  935.468360   0.60612  12405.4  2.0551991 
 0.4805557373  945.047999   0.60412  12449.4  2.0647655 
 0.4771531304  954.668345   0.60212  12493.3  2.0743197 
 0.4737574584  964.329169   0.60012  12537.1  2.0838614 
 0.4703688738  974.030237   0.59812  12580.8  2.0933907 
 0.4669875386  983.771287   0.59612  12628.1  2.1028909 
 0.4636136240  993.552019   0.59412  12676.3  2.1123744 
 0.4602472791  1003.372198   0.59212  12724.3  2.1218452 
 0.4568886506  1013.231585   0.59012  12772.3  2.1313030 
 0.4535378844  1023.129943   0.58812  12820.1  2.1407479 
 0.4501951248  1033.067030   0.58612  12867.9  2.1501798 
 0.4468604127  1043.042913   0.58412  12914.4  2.1597466 
 0.4435337384  1053.057803   0.58212  12960.7  2.1693191 
 0.4402152426  1063.111460   0.58012  13006.9  2.1788796 
 0.4369050658  1073.203639   0.57812  13053.0  2.1884280 
 0.4336033474  1083.334094   0.57612  13099.0  2.1979642 
 0.4303102256  1093.502575   0.57412  13144.9  2.2074881 
 0.4270258372  1103.708833   0.57212  13190.7  2.2169998 
 0.4237503175  1113.952618   0.57012  13236.5  2.2264990 
 0.4204838009  1124.233677   0.56812  13282.1  2.2359856 
 0.4172264203  1134.551759   0.56612  13327.6  2.2454598 
 0.4139783072  1144.906609   0.56412  13373.0  2.2549212 
 0.4107395920  1155.297972   0.56212  13418.3  2.2643699 
 0.4075104036  1165.725591   0.56012  13463.6  2.2738058 
 0.4042908698  1176.189211   0.55812  13508.7  2.2832288 
 0.4010811169  1186.688573   0.55612  13553.7  2.2926389 
 0.3978812701  1197.223419   0.55412  13598.7  2.3020358 
 0.3946914530  1207.793488   0.55212  13643.5  2.3114197 
 0.3915117882  1218.398521   0.55012  13688.2  2.3207904 
 0.3883423968  1229.038256   0.54812  13732.9  2.3301478 
 0.3851833987  1239.712433   0.54612  13777.4  2.3394919 
 0.3820349123  1250.420788   0.54412  13821.9  2.3488226 
 0.3788970550  1261.163058   0.54212  13866.2  2.3581398 
 0.3757699425  1271.938980   0.54012  13910.5  2.3674434 
 0.3726536895  1282.748290   0.53812  13954.6  2.3767334 
 0.3695484092  1293.590724   0.53612  13998.7  2.3860098 
 0.3664542136  1304.466016   0.53412  14042.6  2.3952724 
 0.3633712133  1315.373901   0.53212  14086.5  2.4045212 
 0.3602995174  1326.314115   0.53012  14130.2  2.4137600 
 0.3572391343  1337.286748   0.52812  14172.5  2.4231314 
 0.3541900817  1348.291855   0.52612  14214.7  2.4324897 
 0.3511524666  1359.329167   0.52412  14256.7  2.4418349 
 0.3481263948  1370.398414   0.52212  14298.7  2.4511668 
 0.3451119708  1381.499326   0.52012  14340.6  2.4604854 
 0.3421092978  1392.631632   0.51812  14382.4  2.4697906 
 0.3391184777  1403.795063   0.51612  14424.0  2.4790823 
 0.3361396110  1414.989348   0.51412  14465.6  2.4883605 
 0.3331727971  1426.214215   0.51212  14507.1  2.4976251 
 0.3302181339  1437.469394   0.51012  14548.5  2.5068760 
 0.3272757181  1448.754616   0.50812  14589.8  2.5161132 
 0.3243456451  1460.069608   0.50612  14631.0  2.5253365 
 0.3214280090  1471.414102   0.50412  14672.1  2.5345460 
 0.3185229026  1482.787826   0.50212  14713.1  2.5437415 
 0.3156304174  1494.190511   0.50012  14754.0  2.5529230 
 0.3127506434  1505.621888   0.49812  14794.8  2.5620904 
 0.3098836695  1517.081688   0.49612  14835.6  2.5712437 
 0.3070295834  1528.569642   0.49412  14876.2  2.5803828 
 0.3041884713  1540.085482   0.49212  14916.7  2.5895076 
 0.3013604180  1551.628941   0.49012  14957.1  2.5986181 
 0.2985455072  1563.199753   0.48812  14997.5  2.6077143 
 0.2957438213  1574.797652   0.48612  15037.7  2.6167960 
 0.2929554412  1586.422373   0.48412  15077.9  2.6258633 
 0.2901804467  1598.073652   0.48212  15117.9  2.6349160 
 0.2874189161  1609.751226   0.48012  15157.8  2.6439541 
 0.2846709265  1621.454834   0.47812  15197.7  2.6529776 
 0.2819365537  1633.184214   0.47612  15237.5  2.6619865 
 0.2792158721  1644.939108   0.47412  15277.1  2.6709806 
 0.2765089549  1656.719257   0.47212  15316.7  2.6799599 
 0.2738158738  1668.524405   0.47012  15356.2  2.6889245 
 0.2711366995  1680.354297   0.46812  15395.5  2.6978741 
 0.2684715012  1692.208679   0.46612  15434.8  2.7068089 
 0.2658202803  1704.087597   0.46412  15471.8  2.7158896 
 0.2631829882  1715.991319   0.46212  15508.4  2.7249853 
 0.2605596901  1727.919602   0.46012  15544.8  2.7340669 
 0.2579504523  1739.872191   0.45812  15581.2  2.7431344 
 0.2553553398  1751.848835   0.45612  15617.4  2.7521878 
 0.2527744164  1763.849285   0.45412  15653.6  2.7612269 
 0.2502077443  1775.873293   0.45212  15689.7  2.7702518 
 0.2476553847  1787.920613   0.45012  15725.7  2.7792624 
 0.2451173975  1799.991004   0.44812  15761.6  2.7882586 
 0.2425938411  1812.084223   0.44612  15797.4  2.7972405 
 0.2400847729  1824.200031   0.44412  15833.1  2.8062080 
 0.2375902459  1836.338207   0.44212  15868.5  2.8151721 
 0.2351103018  1848.498580   0.44012  15903.8  2.8241307 
 0.2326449925  1860.680927   0.43812  15938.9  2.8330749 
 0.2301943702  1872.885019   0.43612  15974.0  2.8420046 
 0.2277584859  1885.110632   0.43412  16009.0  2.8509199 
 0.2253373894  1897.357542   0.43212  16043.9  2.8598207 
 0.2229311291  1909.625529   0.43012  16078.7  2.8687070 
 0.2205397522  1921.914378   0.42812  16113.4  2.8775788 
 0.2181633046  1934.223875   0.42612  16148.0  2.8864361 
 0.2158018307  1946.553812   0.42412  16182.6  2.8952788 
 0.2134553740  1958.903983   0.42212  16217.0  2.9041069 
 0.2111239763  1971.274187   0.42012  16251.4  2.9129205 
 0.2088076785  1983.664227   0.41812  16285.6  2.9217194 
 0.2065065200  1996.073908   0.41612  16319.8  2.9305039 
 0.2042205389  2008.503042   0.41412  16353.9  2.9392737 
 0.2019497720  2020.951444   0.41212  16387.9  2.9480290 
 0.1996942550  2033.418936   0.41012  16421.8  2.9567697 
 0.1974540222  2045.905341   0.40812  16455.7  2.9654958 
 0.1952291066  2058.410490   0.40612  16489.4  2.9742074 
 0.1930195400  2070.934218   0.40412  16523.1  2.9829045 
 0.1908253527  2083.476365   0.40212  16556.7  2.9915871 
 0.1886465741  2096.036779   0.40012  16590.2  3.0002552 
 0.1864832320  2108.615309   0.39812  16623.6  3.0089089 
 0.1843353530  2121.211816   0.39612  16656.9  3.0175481 
 0.1822029626  2133.826161   0.39412  16690.1  3.0261729 
 0.1800860848  2146.458215   0.39212  16723.3  3.0347834 
 0.1779847309  2159.107926   0.39012  16756.3  3.0434404 
 0.1758988663  2171.775515   0.38812  16789.2  3.0521325 
 0.1738285052  2184.460913   0.38612  16822.0  3.0608108 
 0.1717736676  2197.164013   0.38412  16854.8  3.0694754 
 0.1697343727  2209.884714   0.38212  16887.4  3.0781263 
 0.1677106382  2222.622924   0.38012  16920.0  3.0867636 
 0.1657024806  2235.378558   0.37812  16952.5  3.0953873 
 0.1637099151  2248.151539   0.37612  16984.9  3.1039976 
 0.1617329558  2260.941797   0.37412  17017.3  3.1125943 
 0.1597716154  2273.749274   0.37212  17049.5  3.1211777 
 0.1578259053  2286.573917   0.37012  17081.7  3.1297479 
 0.1558958358  2299.415685   0.36812  17113.8  3.1383048 
 0.1539814159  2312.274544   0.36612  17145.8  3.1468486 
 0.1520826534  2325.150473   0.36412  17177.8  3.1553794 
 0.1501995547  2338.043457   0.36212  17209.7  3.1638972 
 0.1483321251  2350.953493   0.36012  17241.5  3.1724023 
 0.1464803687  2363.880591   0.35812  17273.2  3.1808946 
 0.1446442882  2376.824769   0.35612  17304.9  3.1893744 
 0.1430505782  2388.164960   0.35437  17332.5  3.1967839 
 0.1429447575  2388.92144    0.35426  17334.5  3.1972775    
 0.1429366230  2388.97977    0.35425  17334.5  3.7943732  
 0.1428542461  2389.573056   0.35417  17334.5  3.7948610 
 0.1420369661  2395.428434   0.35341  17334.5  3.7996712 
 0.1337960401  2455.435809   0.34561  17334.5  3.8486449 
 0.0691664887  3005.651611   0.27188  17334.5  4.2734779 
 0.0240854915  3547.337347   0.18810  17334.5  4.6569882 
 0.0081687335  3833.915328   0.13013  17334.5  4.8488959 
 0.0027359982  3977.760501   0.09003  17334.5  4.9426229 
 0.0009109334  4048.187639   0.06228  17334.5  4.9879182 
 0.0003024270  4082.263195   0.04309  17334.5  5.0096980 
 0.0001002682  4098.657456   0.02981  17334.5  5.0201455 
 0.0000332218  4106.523707   0.02062  17334.5  5.0251513 
 0.0000110039  4110.293197   0.01427  17334.5  5.0275484 
 0.0000036442  4112.098412   0.00987  17334.5  5.0286960 
 0.0000012068  4112.962677   0.00683  17334.5  5.0292453 
 0.0000003996  4113.376394   0.00472  17334.5  5.0295083 
 0.0000001323  4113.574424   0.00327  17334.5  5.0296341 
 0.0000000438  4113.669210   0.00226  17334.5  5.0296944 
 0.0000000145  4113.714578   0.00156  17334.5  5.0297232 
 0.0000000048  4113.736292   0.00108  17334.5  5.0297370 
